timestamp,distance,speed,heart_rate,cadence,fractional_cadence,key
2019-10-16T01:16:40Z,0,0,100,0,0,2019-10-16 01:16:40
2019-10-16T01:16:41Z,0,0,101,0,0,2019-10-16 01:16:40
2019-10-16T01:16:42Z,1.99,1.987,101,60,0,2019-10-16 01:16:40
2019-10-16T01:16:43Z,4.37,2.379,101,60,0,2019-10-16 01:16:40
2019-10-16T01:16:44Z,6.55,2.183,101,60,0,2019-10-16 01:16:40
2019-10-16T01:16:45Z,8.66,2.109,101,60,0,2019-10-16 01:16:40
2019-10-16T01:16:46Z,11.45,2.79,101,84,0,2019-10-16 01:16:40
2019-10-16T01:16:47Z,14.59,3.144,101,85,0,2019-10-16 01:16:40
2019-10-16T01:16:48Z,17.92,3.331,101,85,0,2019-10-16 01:16:40
2019-10-16T01:16:49Z,20.99,3.07,108,85,0.5,2019-10-16 01:16:40
2019-10-16T01:16:50Z,24.24,3.247,108,86,0,2019-10-16 01:16:40
2019-10-16T01:16:51Z,27.68,3.443,108,86,0,2019-10-16 01:16:40
2019-10-16T01:16:52Z,31.34,3.658,108,86,0,2019-10-16 01:16:40
2019-10-16T01:16:53Z,35.03,3.686,108,86,0,2019-10-16 01:16:40
2019-10-16T01:16:54Z,38.99,3.966,108,85,0.5,2019-10-16 01:16:40
2019-10-16T01:16:55Z,42.78,3.788,108,85,0.5,2019-10-16 01:16:40
2019-10-16T01:16:56Z,46.46,3.676,108,84,0.5,2019-10-16 01:16:40
2019-10-16T01:16:57Z,50.1,3.639,108,84,0.5,2019-10-16 01:16:40
2019-10-16T01:16:58Z,53.5,3.406,115,84,0.5,2019-10-16 01:16:40
2019-10-16T01:16:59Z,56.85,3.35,115,83,0.5,2019-10-16 01:16:40
2019-10-16T01:17:00Z,60.14,3.284,115,83,0.5,2019-10-16 01:16:40
2019-10-16T01:17:01Z,63.32,3.182,115,83,0.5,2019-10-16 01:16:40
2019-10-16T01:17:02Z,66.43,3.116,115,84,0.5,2019-10-16 01:16:40
2019-10-16T01:17:03Z,69.57,3.135,136,84,0.5,2019-10-16 01:16:40
2019-10-16T01:17:04Z,72.77,3.2,136,84,0.5,2019-10-16 01:16:40
2019-10-16T01:17:05Z,76,3.228,136,84,0.5,2019-10-16 01:16:40
2019-10-16T01:17:06Z,79.24,3.238,136,84,0.5,2019-10-16 01:16:40
2019-10-16T01:17:07Z,82.46,3.219,136,84,0,2019-10-16 01:16:40
2019-10-16T01:17:08Z,85.69,3.238,136,84,0,2019-10-16 01:16:40
2019-10-16T01:17:09Z,88.96,3.266,136,84,0,2019-10-16 01:16:40
2019-10-16T01:17:10Z,92.31,3.35,147,84,0,2019-10-16 01:16:40
2019-10-16T01:17:11Z,95.67,3.359,147,84,0,2019-10-16 01:16:40
2019-10-16T01:17:12Z,99.01,3.34,147,83,0,2019-10-16 01:16:40
2019-10-16T01:17:13Z,102.33,3.322,147,83,0,2019-10-16 01:16:40
2019-10-16T01:17:14Z,105.66,3.331,145,83,0,2019-10-16 01:16:40
2019-10-16T01:17:15Z,108.99,3.331,143,83,0,2019-10-16 01:16:40
2019-10-16T01:17:16Z,112.3,3.312,143,83,0,2019-10-16 01:16:40
2019-10-16T01:17:17Z,115.52,3.219,143,83,0,2019-10-16 01:16:40
2019-10-16T01:17:18Z,118.67,3.144,143,83,0,2019-10-16 01:16:40
2019-10-16T01:17:19Z,121.71,3.042,144,83,0,2019-10-16 01:16:40
2019-10-16T01:17:20Z,124.75,3.042,144,82,0,2019-10-16 01:16:40
2019-10-16T01:17:21Z,127.84,3.088,144,82,0,2019-10-16 01:16:40
2019-10-16T01:17:22Z,130.97,3.126,141,83,0,2019-10-16 01:16:40
2019-10-16T01:17:23Z,134.11,3.144,141,83,0,2019-10-16 01:16:40
2019-10-16T01:17:24Z,137.27,3.163,140,83,0,2019-10-16 01:16:40
2019-10-16T01:17:25Z,140.45,3.182,140,82,0,2019-10-16 01:16:40
2019-10-16T01:17:26Z,143.7,3.247,140,81,0,2019-10-16 01:16:40
2019-10-16T01:17:27Z,146.97,3.266,139,81,0,2019-10-16 01:16:40
2019-10-16T01:17:28Z,150.24,3.275,138,82,0,2019-10-16 01:16:40
2019-10-16T01:17:29Z,153.47,3.228,137,82,0,2019-10-16 01:16:40
2019-10-16T01:17:30Z,156.66,3.191,137,82,0,2019-10-16 01:16:40
2019-10-16T01:17:31Z,159.82,3.154,139,82,0,2019-10-16 01:16:40
2019-10-16T01:17:32Z,162.95,3.135,139,82,0,2019-10-16 01:16:40
2019-10-16T01:17:33Z,166.06,3.107,138,82,0,2019-10-16 01:16:40
2019-10-16T01:17:34Z,169.14,3.079,138,81,0,2019-10-16 01:16:40
2019-10-16T01:17:35Z,172.2,3.06,138,80,0,2019-10-16 01:16:40
2019-10-16T01:17:36Z,175.25,3.051,138,80,0,2019-10-16 01:16:40
2019-10-16T01:17:37Z,178.31,3.06,138,80,0,2019-10-16 01:16:40
2019-10-16T01:17:38Z,181.34,3.032,138,80,0,2019-10-16 01:16:40
2019-10-16T01:17:39Z,184.38,3.042,138,81,0,2019-10-16 01:16:40
2019-10-16T01:17:40Z,187.45,3.07,137,81,0,2019-10-16 01:16:40
2019-10-16T01:17:41Z,190.6,3.144,137,81,0,2019-10-16 01:16:40
2019-10-16T01:17:42Z,193.75,3.154,137,81,0,2019-10-16 01:16:40
2019-10-16T01:17:43Z,196.87,3.116,138,81,0,2019-10-16 01:16:40
2019-10-16T01:17:44Z,199.96,3.088,138,81,0,2019-10-16 01:16:40
2019-10-16T01:17:45Z,203.03,3.07,139,81,0,2019-10-16 01:16:40
2019-10-16T01:17:46Z,206.08,3.051,139,81,0,2019-10-16 01:16:40
2019-10-16T01:17:47Z,208.98,2.902,139,81,0,2019-10-16 01:16:40
2019-10-16T01:17:48Z,211.88,2.902,139,81,0,2019-10-16 01:16:40
2019-10-16T01:17:49Z,214.85,2.967,140,81,0,2019-10-16 01:16:40
2019-10-16T01:17:50Z,217.96,3.107,139,81,0,2019-10-16 01:16:40
2019-10-16T01:17:51Z,221.09,3.135,139,80,0,2019-10-16 01:16:40
2019-10-16T01:17:52Z,224.23,3.135,141,80,0,2019-10-16 01:16:40
2019-10-16T01:17:53Z,227.34,3.116,141,81,0,2019-10-16 01:16:40
2019-10-16T01:17:54Z,230.47,3.126,141,81,0,2019-10-16 01:16:40
2019-10-16T01:17:55Z,233.6,3.135,141,81,0,2019-10-16 01:16:40
2019-10-16T01:17:56Z,236.73,3.126,141,81,0,2019-10-16 01:16:40
2019-10-16T01:17:57Z,239.83,3.098,141,81,0,2019-10-16 01:16:40
2019-10-16T01:17:58Z,242.92,3.088,142,81,0,2019-10-16 01:16:40
2019-10-16T01:17:59Z,245.94,3.023,157,81,0,2019-10-16 01:16:40
2019-10-16T01:18:00Z,249.09,3.154,157,81,0,2019-10-16 01:16:40
2019-10-16T01:18:01Z,251.59,2.501,154,81,0,2019-10-16 01:16:40
2019-10-16T01:18:02Z,254.06,2.463,154,81,0,2019-10-16 01:16:40
2019-10-16T01:18:03Z,256.4,2.342,154,81,0,2019-10-16 01:16:40
2019-10-16T01:18:04Z,259.18,2.781,154,81,0,2019-10-16 01:16:40
2019-10-16T01:18:05Z,261.93,2.753,154,82,0,2019-10-16 01:16:40
2019-10-16T01:18:06Z,264.81,2.874,154,83,0,2019-10-16 01:16:40
2019-10-16T01:18:07Z,267.73,2.921,154,83,0,2019-10-16 01:16:40
2019-10-16T01:18:08Z,270.67,2.948,154,83,0,2019-10-16 01:16:40
2019-10-16T01:18:09Z,273.73,3.051,153,83,0,2019-10-16 01:16:40
2019-10-16T01:18:10Z,276.88,3.154,153,82,0,2019-10-16 01:16:40
2019-10-16T01:18:11Z,280.08,3.2,153,81,0,2019-10-16 01:16:40
2019-10-16T01:18:12Z,283.12,3.042,153,81,0,2019-10-16 01:16:40
2019-10-16T01:18:13Z,286.2,3.079,153,81,0,2019-10-16 01:16:40
2019-10-16T01:18:14Z,289.33,3.126,153,80,0,2019-10-16 01:16:40
2019-10-16T01:18:15Z,292.29,2.967,150,80,0,2019-10-16 01:16:40
2019-10-16T01:18:16Z,295.19,2.893,148,81,0,2019-10-16 01:16:40
2019-10-16T01:18:17Z,298.16,2.976,147,81,0,2019-10-16 01:16:40
2019-10-16T01:18:18Z,301.06,2.902,147,81,0,2019-10-16 01:16:40
2019-10-16T01:18:19Z,303.97,2.902,147,81,0,2019-10-16 01:16:40
2019-10-16T01:18:20Z,306.79,2.827,146,81,0,2019-10-16 01:16:40
2019-10-16T01:18:21Z,309.3,2.501,146,83,0.5,2019-10-16 01:16:40
2019-10-16T01:18:22Z,312.2,2.911,146,83,0.5,2019-10-16 01:16:40
2019-10-16T01:18:23Z,315.07,2.865,149,83,0.5,2019-10-16 01:16:40
2019-10-16T01:18:24Z,318.17,3.098,149,83,0.5,2019-10-16 01:16:40
2019-10-16T01:18:25Z,321.29,3.126,148,83,0.5,2019-10-16 01:16:40
2019-10-16T01:18:26Z,324.49,3.2,148,83,0.5,2019-10-16 01:16:40
2019-10-16T01:18:27Z,327.59,3.098,148,83,0.5,2019-10-16 01:16:40
2019-10-16T01:18:28Z,330.63,3.042,148,84,0,2019-10-16 01:16:40
2019-10-16T01:18:29Z,333.59,2.958,148,83,0,2019-10-16 01:16:40
2019-10-16T01:18:30Z,336.59,2.995,148,83,0,2019-10-16 01:16:40
2019-10-16T01:18:31Z,339.62,3.032,147,83,0,2019-10-16 01:16:40
2019-10-16T01:18:32Z,342.73,3.107,147,83,0,2019-10-16 01:16:40
2019-10-16T01:18:33Z,345.96,3.238,147,83,0,2019-10-16 01:16:40
2019-10-16T01:18:34Z,349.21,3.247,145,83,0,2019-10-16 01:16:40
2019-10-16T01:18:35Z,352.44,3.228,145,83,0,2019-10-16 01:16:40
2019-10-16T01:18:36Z,355.59,3.154,145,83,0,2019-10-16 01:16:40
2019-10-16T01:18:37Z,358.72,3.126,145,82,0,2019-10-16 01:16:40
2019-10-16T01:18:38Z,361.81,3.088,145,81,0,2019-10-16 01:16:40
2019-10-16T01:18:39Z,364.85,3.042,144,81,0,2019-10-16 01:16:40
2019-10-16T01:18:40Z,367.9,3.051,144,81,0,2019-10-16 01:16:40
2019-10-16T01:18:41Z,370.94,3.042,143,81,0,2019-10-16 01:16:40
2019-10-16T01:18:42Z,373.99,3.051,143,81,0,2019-10-16 01:16:40
2019-10-16T01:18:43Z,377.07,3.079,143,81,0,2019-10-16 01:16:40
2019-10-16T01:18:44Z,380.09,3.014,143,81,0,2019-10-16 01:16:40
2019-10-16T01:18:45Z,383.06,2.976,143,81,0,2019-10-16 01:16:40
2019-10-16T01:18:46Z,385.93,2.865,143,81,0,2019-10-16 01:16:40
2019-10-16T01:18:47Z,388.7,2.771,143,81,0,2019-10-16 01:16:40
2019-10-16T01:18:48Z,391.57,2.874,143,81,0,2019-10-16 01:16:40
2019-10-16T01:18:49Z,394.56,2.986,143,81,0,2019-10-16 01:16:40
2019-10-16T01:18:50Z,397.52,2.967,142,82,0,2019-10-16 01:16:40
2019-10-16T01:18:51Z,400.49,2.967,143,82,0,2019-10-16 01:16:40
2019-10-16T01:18:52Z,403.33,2.837,142,82,0,2019-10-16 01:16:40
2019-10-16T01:18:53Z,406.17,2.846,142,81,0,2019-10-16 01:16:40
2019-10-16T01:18:54Z,409.1,2.93,142,81,0,2019-10-16 01:16:40
