timestamp,distance,speed,heart_rate,cadence,fractional_cadence,key
2019-01-08T12:34:48Z,1.45,1.446,151,0,0,2019-01-08 12:34:48
2019-01-08T12:34:50Z,2.89,1.446,151,0,0,2019-01-08 12:34:48
2019-01-08T12:34:51Z,4.34,1.446,151,0,0,2019-01-08 12:34:48
2019-01-08T12:34:52Z,5.79,1.446,152,0,0,2019-01-08 12:34:48
2019-01-08T12:34:53Z,7.23,1.446,151,0,0,2019-01-08 12:34:48
2019-01-08T12:34:54Z,8.68,1.446,154,56,0,2019-01-08 12:34:48
2019-01-08T12:34:55Z,10.75,2.071,154,88,0,2019-01-08 12:34:48
2019-01-08T12:34:56Z,14.32,3.574,154,88,0,2019-01-08 12:34:48
2019-01-08T12:34:57Z,18.23,3.91,153,87,0.5,2019-01-08 12:34:48
2019-01-08T12:34:58Z,22.14,3.9,154,86,0.5,2019-01-08 12:34:48
2019-01-08T12:34:59Z,26.01,3.872,154,86,0,2019-01-08 12:34:48
2019-01-08T12:35:00Z,29.68,3.667,155,86,0.5,2019-01-08 12:34:48
2019-01-08T12:35:01Z,33.3,3.63,155,86,0.5,2019-01-08 12:34:48
2019-01-08T12:35:02Z,36.93,3.63,155,86,0.5,2019-01-08 12:34:48
2019-01-08T12:35:03Z,40.59,3.658,156,86,0,2019-01-08 12:34:48
2019-01-08T12:35:04Z,44.16,3.574,155,86,0,2019-01-08 12:34:48
2019-01-08T12:35:05Z,47.6,3.434,155,86,0,2019-01-08 12:34:48
2019-01-08T12:35:06Z,50.84,3.247,156,85,0.5,2019-01-08 12:34:48
2019-01-08T12:35:07Z,54.04,3.191,160,84,0.5,2019-01-08 12:34:48
2019-01-08T12:35:08Z,57.23,3.191,159,84,0.5,2019-01-08 12:34:48
2019-01-08T12:35:09Z,60.44,3.21,159,84,0.5,2019-01-08 12:34:48
2019-01-08T12:35:10Z,63.67,3.238,158,85,0.5,2019-01-08 12:34:48
2019-01-08T12:35:11Z,66.99,3.322,158,85,0.5,2019-01-08 12:34:48
2019-01-08T12:35:12Z,70.38,3.378,158,85,0.5,2019-01-08 12:34:48
2019-01-08T12:35:13Z,73.81,3.434,158,84,0.5,2019-01-08 12:34:48
2019-01-08T12:35:14Z,77.3,3.49,158,84,0,2019-01-08 12:34:48
2019-01-08T12:35:15Z,80.87,3.574,158,83,0,2019-01-08 12:34:48
2019-01-08T12:35:16Z,84.41,3.536,159,83,0,2019-01-08 12:34:48
2019-01-08T12:35:17Z,87.92,3.518,159,83,0,2019-01-08 12:34:48
2019-01-08T12:35:18Z,91.54,3.62,159,82,0,2019-01-08 12:34:48
2019-01-08T12:35:19Z,95.31,3.77,159,82,0,2019-01-08 12:34:48
2019-01-08T12:35:20Z,99.15,3.835,159,82,0,2019-01-08 12:34:48
2019-01-08T12:35:21Z,103.01,3.863,159,82,0,2019-01-08 12:34:48
2019-01-08T12:35:22Z,106.8,3.788,158,82,0,2019-01-08 12:34:48
2019-01-08T12:35:23Z,110.48,3.686,158,82,0,2019-01-08 12:34:48
2019-01-08T12:35:24Z,114.11,3.63,158,82,0,2019-01-08 12:34:48
2019-01-08T12:35:25Z,117.71,3.592,159,82,0,2019-01-08 12:34:48
2019-01-08T12:35:26Z,121.17,3.462,160,81,0,2019-01-08 12:34:48
2019-01-08T12:35:27Z,124.34,3.172,160,81,0,2019-01-08 12:34:48
2019-01-08T12:35:28Z,127.22,2.874,160,81,0,2019-01-08 12:34:48
2019-01-08T12:35:29Z,130.14,2.921,160,81,0,2019-01-08 12:34:48
2019-01-08T12:35:30Z,133.25,3.107,159,83,0.5,2019-01-08 12:34:48
2019-01-08T12:35:31Z,136.2,2.958,159,83,0.5,2019-01-08 12:34:48
2019-01-08T12:35:32Z,139.31,3.107,159,84,0.5,2019-01-08 12:34:48
2019-01-08T12:35:33Z,142.48,3.172,159,85,0.5,2019-01-08 12:34:48
2019-01-08T12:35:34Z,145.65,3.172,160,85,0.5,2019-01-08 12:34:48
2019-01-08T12:35:35Z,148.93,3.275,160,84,0.5,2019-01-08 12:34:48
2019-01-08T12:35:36Z,152.32,3.387,161,84,0,2019-01-08 12:34:48
2019-01-08T12:35:37Z,155.67,3.359,161,83,0,2019-01-08 12:34:48
2019-01-08T12:35:38Z,158.92,3.247,161,83,0,2019-01-08 12:34:48
2019-01-08T12:35:39Z,162.11,3.182,161,83,0,2019-01-08 12:34:48
2019-01-08T12:35:40Z,165.29,3.182,161,83,0,2019-01-08 12:34:48
2019-01-08T12:35:41Z,168.62,3.34,161,83,0,2019-01-08 12:34:48
2019-01-08T12:35:42Z,172.06,3.434,160,83,0,2019-01-08 12:34:48
2019-01-08T12:35:43Z,175.65,3.592,160,83,0,2019-01-08 12:34:48
2019-01-08T12:35:44Z,179.39,3.732,160,83,0,2019-01-08 12:34:48
2019-01-08T12:35:45Z,183.16,3.77,159,82,0,2019-01-08 12:34:48
2019-01-08T12:35:46Z,186.88,3.723,160,82,0,2019-01-08 12:34:48
2019-01-08T12:35:47Z,190.51,3.63,159,81,0,2019-01-08 12:34:48
2019-01-08T12:35:48Z,194.04,3.527,159,81,0,2019-01-08 12:34:48
2019-01-08T12:35:49Z,197.62,3.583,159,81,0,2019-01-08 12:34:48
2019-01-08T12:35:50Z,201.22,3.602,159,81,0,2019-01-08 12:34:48
2019-01-08T12:35:51Z,204.77,3.546,159,81,0,2019-01-08 12:34:48
2019-01-08T12:35:52Z,208.26,3.49,159,81,0,2019-01-08 12:34:48
2019-01-08T12:35:53Z,211.73,3.471,160,81,0,2019-01-08 12:34:48
2019-01-08T12:35:54Z,215.22,3.499,160,81,0,2019-01-08 12:34:48
2019-01-08T12:35:55Z,218.74,3.518,160,81,0,2019-01-08 12:34:48
2019-01-08T12:35:56Z,222.23,3.49,160,81,0,2019-01-08 12:34:48
2019-01-08T12:35:57Z,225.71,3.48,160,82,0,2019-01-08 12:34:48
2019-01-08T12:35:58Z,229.19,3.48,160,82,0,2019-01-08 12:34:48
2019-01-08T12:35:59Z,232.66,3.471,160,81,0,2019-01-08 12:34:48
2019-01-08T12:36:00Z,236.11,3.452,159,81,0,2019-01-08 12:34:48
2019-01-08T12:36:01Z,239.38,3.266,159,81,0,2019-01-08 12:34:48
2019-01-08T12:36:02Z,242.48,3.098,160,81,0,2019-01-08 12:34:48
2019-01-08T12:36:03Z,245.55,3.07,160,82,0,2019-01-08 12:34:48
2019-01-08T12:36:04Z,248.72,3.172,160,82,0,2019-01-08 12:34:48
2019-01-08T12:36:05Z,251.96,3.238,161,83,0,2019-01-08 12:34:48
2019-01-08T12:36:06Z,255.24,3.284,161,83,0,2019-01-08 12:34:48
2019-01-08T12:36:07Z,258.54,3.303,161,82,0,2019-01-08 12:34:48
2019-01-08T12:36:08Z,261.84,3.294,160,82,0,2019-01-08 12:34:48
2019-01-08T12:36:09Z,265.15,3.312,161,82,0,2019-01-08 12:34:48
2019-01-08T12:36:10Z,268.46,3.312,161,82,0,2019-01-08 12:34:48
2019-01-08T12:36:11Z,271.78,3.312,161,82,0,2019-01-08 12:34:48
2019-01-08T12:36:12Z,275.11,3.331,160,82,0,2019-01-08 12:34:48
2019-01-08T12:36:13Z,278.47,3.359,161,82,0,2019-01-08 12:34:48
2019-01-08T12:36:14Z,281.94,3.471,162,81,0,2019-01-08 12:34:48
2019-01-08T12:36:15Z,285.39,3.452,162,81,0,2019-01-08 12:34:48
2019-01-08T12:36:16Z,288.83,3.434,162,81,0,2019-01-08 12:34:48
2019-01-08T12:36:17Z,292.23,3.406,162,81,0,2019-01-08 12:34:48
2019-01-08T12:36:18Z,295.63,3.396,162,81,0,2019-01-08 12:34:48
2019-01-08T12:36:19Z,299.02,3.387,161,80,0,2019-01-08 12:34:48
2019-01-08T12:36:20Z,302.4,3.378,162,80,0,2019-01-08 12:34:48
2019-01-08T12:36:21Z,305.75,3.359,163,80,0,2019-01-08 12:34:48
2019-01-08T12:36:22Z,309.1,3.35,162,80,0,2019-01-08 12:34:48
2019-01-08T12:36:23Z,312.45,3.35,162,80,0,2019-01-08 12:34:48
2019-01-08T12:36:24Z,315.8,3.35,163,81,0,2019-01-08 12:34:48
2019-01-08T12:36:25Z,319.1,3.303,163,81,0,2019-01-08 12:34:48
2019-01-08T12:36:26Z,322.39,3.284,163,81,0,2019-01-08 12:34:48
2019-01-08T12:36:27Z,325.68,3.294,163,81,0,2019-01-08 12:34:48
2019-01-08T12:36:28Z,328.99,3.312,163,81,0,2019-01-08 12:34:48
2019-01-08T12:36:29Z,332.31,3.322,163,81,0,2019-01-08 12:34:48
2019-01-08T12:36:30Z,335.63,3.322,163,81,0,2019-01-08 12:34:48
2019-01-08T12:36:31Z,338.97,3.331,162,81,0,2019-01-08 12:34:48
2019-01-08T12:36:32Z,342.3,3.331,160,81,0,2019-01-08 12:34:48
2019-01-08T12:36:33Z,345.63,3.331,160,81,0,2019-01-08 12:34:48
2019-01-08T12:36:34Z,348.89,3.266,160,81,0,2019-01-08 12:34:48
2019-01-08T12:36:35Z,352.13,3.228,161,80,0,2019-01-08 12:34:48
2019-01-08T12:36:36Z,355.3,3.172,161,80,0,2019-01-08 12:34:48
2019-01-08T12:36:37Z,358.4,3.107,161,80,0,2019-01-08 12:34:48
2019-01-08T12:36:38Z,361.45,3.042,162,80,0,2019-01-08 12:34:48
2019-01-08T12:36:39Z,364.52,3.079,162,80,0,2019-01-08 12:34:48
2019-01-08T12:36:40Z,367.65,3.126,161,80,0,2019-01-08 12:34:48
2019-01-08T12:36:41Z,370.81,3.163,161,80,0,2019-01-08 12:34:48
2019-01-08T12:36:42Z,374,3.191,161,81,0,2019-01-08 12:34:48
2019-01-08T12:36:43Z,377.22,3.219,162,81,0,2019-01-08 12:34:48
2019-01-08T12:36:44Z,380.48,3.256,161,80,0,2019-01-08 12:34:48
2019-01-08T12:36:45Z,383.75,3.275,160,80,0,2019-01-08 12:34:48
2019-01-08T12:36:46Z,387.03,3.275,160,80,0,2019-01-08 12:34:48
2019-01-08T12:36:47Z,390.28,3.247,165,80,0,2019-01-08 12:34:48
2019-01-08T12:36:48Z,393.52,3.247,164,80,0,2019-01-08 12:34:48
2019-01-08T12:36:49Z,396.78,3.256,164,80,0,2019-01-08 12:34:48
2019-01-08T12:36:50Z,400.03,3.247,164,80,0,2019-01-08 12:34:48
2019-01-08T12:36:51Z,403.29,3.266,162,80,0,2019-01-08 12:34:48
2019-01-08T12:36:52Z,406.61,3.312,163,80,0,2019-01-08 12:34:48
2019-01-08T12:36:53Z,409.96,3.359,162,80,0,2019-01-08 12:34:48
2019-01-08T12:36:54Z,413.31,3.35,161,80,0,2019-01-08 12:34:48
2019-01-08T12:36:55Z,416.63,3.322,161,80,0,2019-01-08 12:34:48
2019-01-08T12:36:56Z,419.95,3.312,162,81,0,2019-01-08 12:34:48
2019-01-08T12:36:57Z,423.27,3.322,162,81,0,2019-01-08 12:34:48
2019-01-08T12:36:58Z,426.6,3.331,162,81,0,2019-01-08 12:34:48
2019-01-08T12:36:59Z,429.92,3.312,162,81,0,2019-01-08 12:34:48
2019-01-08T12:37:00Z,433.2,3.284,161,81,0,2019-01-08 12:34:48
2019-01-08T12:37:01Z,436.49,3.294,161,82,0,2019-01-08 12:34:48
2019-01-08T12:37:02Z,439.79,3.303,161,82,0,2019-01-08 12:34:48
2019-01-08T12:37:03Z,443.12,3.322,161,82,0,2019-01-08 12:34:48
2019-01-08T12:37:04Z,446.4,3.284,161,82,0,2019-01-08 12:34:48
2019-01-08T12:37:05Z,449.66,3.256,161,81,0,2019-01-08 12:34:48
2019-01-08T12:37:06Z,452.92,3.266,161,81,0,2019-01-08 12:34:48
2019-01-08T12:37:07Z,456.2,3.275,161,81,0,2019-01-08 12:34:48
2019-01-08T12:37:08Z,459.46,3.266,160,81,0,2019-01-08 12:34:48
2019-01-08T12:37:09Z,462.72,3.256,161,81,0,2019-01-08 12:34:48
2019-01-08T12:37:10Z,465.98,3.256,160,80,0,2019-01-08 12:34:48
2019-01-08T12:37:11Z,469.24,3.266,160,80,0,2019-01-08 12:34:48
2019-01-08T12:37:12Z,472.53,3.284,161,80,0,2019-01-08 12:34:48
2019-01-08T12:37:13Z,475.82,3.294,161,80,0,2019-01-08 12:34:48
2019-01-08T12:37:14Z,479.17,3.35,161,80,0,2019-01-08 12:34:48
2019-01-08T12:37:15Z,482.57,3.396,161,80,0,2019-01-08 12:34:48
2019-01-08T12:37:16Z,485.97,3.396,161,81,0,2019-01-08 12:34:48
2019-01-08T12:37:17Z,489.32,3.359,161,81,0,2019-01-08 12:34:48
2019-01-08T12:37:18Z,492.64,3.322,160,80,0,2019-01-08 12:34:48
2019-01-08T12:37:19Z,495.95,3.303,161,80,0,2019-01-08 12:34:48
2019-01-08T12:37:20Z,499.25,3.303,161,80,0,2019-01-08 12:34:48
2019-01-08T12:37:21Z,502.54,3.294,162,80,0,2019-01-08 12:34:48
2019-01-08T12:37:22Z,505.83,3.284,161,80,0,2019-01-08 12:34:48
2019-01-08T12:37:23Z,509.08,3.256,162,80,0,2019-01-08 12:34:48
2019-01-08T12:37:24Z,512.35,3.266,162,80,0,2019-01-08 12:34:48
2019-01-08T12:37:25Z,515.58,3.228,160,81,0,2019-01-08 12:34:48
2019-01-08T12:37:26Z,518.76,3.182,160,81,0,2019-01-08 12:34:48
2019-01-08T12:37:27Z,521.93,3.163,160,80,0,2019-01-08 12:34:48
2019-01-08T12:37:28Z,524.99,3.07,160,80,0,2019-01-08 12:34:48
2019-01-08T12:37:29Z,528,3.004,160,80,0,2019-01-08 12:34:48
2019-01-08T12:37:30Z,531.02,3.023,161,80,0,2019-01-08 12:34:48
2019-01-08T12:37:31Z,534.03,3.014,161,80,0,2019-01-08 12:34:48
2019-01-08T12:37:32Z,537.06,3.023,161,79,0.5,2019-01-08 12:34:48
2019-01-08T12:37:33Z,540.03,2.976,161,79,0.5,2019-01-08 12:34:48
2019-01-08T12:37:34Z,542.94,2.902,161,79,0.5,2019-01-08 12:34:48
2019-01-08T12:37:35Z,545.88,2.948,160,79,0.5,2019-01-08 12:34:48
2019-01-08T12:37:36Z,548.79,2.902,162,79,0.5,2019-01-08 12:34:48
2019-01-08T12:37:37Z,551.7,2.911,162,79,0.5,2019-01-08 12:34:48
2019-01-08T12:37:38Z,554.62,2.921,161,80,0,2019-01-08 12:34:48
2019-01-08T12:37:39Z,557.62,2.995,161,81,0,2019-01-08 12:34:48
2019-01-08T12:37:40Z,560.66,3.051,161,81,0,2019-01-08 12:34:48
2019-01-08T12:37:41Z,563.74,3.07,160,81,0,2019-01-08 12:34:48
2019-01-08T12:37:42Z,566.8,3.07,160,81,0,2019-01-08 12:34:48
2019-01-08T12:37:43Z,569.88,3.079,160,80,0,2019-01-08 12:34:48
2019-01-08T12:37:44Z,572.9,3.014,160,80,0,2019-01-08 12:34:48
2019-01-08T12:37:45Z,575.89,2.995,161,79,0.5,2019-01-08 12:34:48
2019-01-08T12:37:46Z,578.89,2.995,160,79,0.5,2019-01-08 12:34:48
2019-01-08T12:37:47Z,581.91,3.023,160,79,0.5,2019-01-08 12:34:48
2019-01-08T12:37:48Z,584.98,3.07,160,79,0.5,2019-01-08 12:34:48
2019-01-08T12:37:49Z,588.04,3.06,160,79,0.5,2019-01-08 12:34:48
2019-01-08T12:37:50Z,591.09,3.051,160,79,0.5,2019-01-08 12:34:48
2019-01-08T12:37:51Z,594.16,3.07,159,79,0.5,2019-01-08 12:34:48
2019-01-08T12:37:52Z,597.3,3.135,159,80,0,2019-01-08 12:34:48
2019-01-08T12:37:53Z,600.46,3.163,160,80,0,2019-01-08 12:34:48
2019-01-08T12:37:54Z,603.65,3.191,160,81,0,2019-01-08 12:34:48
2019-01-08T12:37:55Z,606.86,3.21,160,81,0,2019-01-08 12:34:48
2019-01-08T12:37:56Z,610.08,3.219,160,81,0,2019-01-08 12:34:48
2019-01-08T12:37:57Z,613.29,3.21,159,80,0,2019-01-08 12:34:48
2019-01-08T12:37:58Z,616.48,3.191,159,80,0,2019-01-08 12:34:48
2019-01-08T12:37:59Z,619.66,3.182,159,80,0,2019-01-08 12:34:48
2019-01-08T12:38:00Z,622.87,3.21,158,80,0,2019-01-08 12:34:48
2019-01-08T12:38:01Z,626.1,3.228,157,81,0,2019-01-08 12:34:48
2019-01-08T12:38:02Z,629.33,3.228,156,81,0,2019-01-08 12:34:48
2019-01-08T12:38:03Z,632.53,3.2,158,81,0,2019-01-08 12:34:48
2019-01-08T12:38:04Z,635.62,3.088,157,80,0,2019-01-08 12:34:48
2019-01-08T12:38:05Z,638.66,3.042,156,80,0,2019-01-08 12:34:48
2019-01-08T12:38:06Z,641.71,3.051,155,80,0,2019-01-08 12:34:48
2019-01-08T12:38:07Z,644.8,3.088,155,80,0,2019-01-08 12:34:48
2019-01-08T12:38:08Z,647.92,3.116,156,80,0,2019-01-08 12:34:48
2019-01-08T12:38:09Z,651.07,3.154,157,81,0,2019-01-08 12:34:48
2019-01-08T12:38:10Z,654.24,3.172,157,81,0,2019-01-08 12:34:48
2019-01-08T12:38:11Z,657.42,3.172,157,80,0,2019-01-08 12:34:48
2019-01-08T12:38:12Z,660.57,3.154,157,80,0,2019-01-08 12:34:48
2019-01-08T12:38:13Z,663.7,3.126,157,79,0.5,2019-01-08 12:34:48
